-8.03239e-011
-2.61246e-009
0.012516
-0.00299838
-0.0113449
0.000924539
0.0321099
-0.00320753
-0.0153357
-0.0130302
2.189e-005
-0.0121049
0.0173366
0.00457234
0.0188568
-0.0107436
0.00835849
-0.0207372
-0.0282639
-0.0167953
-0.0217128
-0.000736659
0.00374058
0.00818674
-0.0049233
0.00746902
0.0417239
0.00420017
-0.00734631
-0.0328258
-0.0100458
-0.0236154
0.0134791
0.0117236
0.0303049
0.00959143
0.00798552
-0.0285796
-0.0229414
-0.0295695
-0.0153367
0.0109424
-0.00536187
0.0157974
0.0276188
-0.0224793
-0.0375956
-0.0105008
-0.0364439
-0.0309292
-0.0173477
0.0176237
0.0332478
-0.0119914
0.0137208
-0.0362142
-0.0179172
-0.0408584
-0.0293717
-0.0393879
-0.0154157
0.0227147
-0.0240877
0.0135095
-0.0286061
-0.00109844
0.0531185
-0.00415507
0.0468812
-0.0148578
0.0115828
0.016185
0.0624053
0.00707211
0.0402874
-0.0292466
0.0805215
0.00185053
0.000246084
-0.0445308
0.0195963
-0.0460276
0.0731318
-0.0246412
0.00890989
-0.0571315
0.0300058
0.0137239
0.0679776
0.0131999
-0.0225194
0.0203284
0.03805
-0.0438514
0.0238666
-0.0562121
0.00102369
0.0253836
0.0239473
0.0188907
0.050086
0.0113483
0.0801838
0.0109331
-0.0309848
0.0205696
0.073598
-0.0112762
0.0929754
-0.0270146
-0.0100971
-0.0547817
0.046927
-0.0515422
-0.0248266
0.0274765
-0.049261
-0.0206873
-0.0270993
-0.0523333
-0.0191797
-0.0676109
0.0870513
0.0178482
-0.0328987
0.00956832
0.105811
-0.00125775
0.108591
-0.0131138
0.0557228
0.0183053
-0.0447757
0.0134205
0.0668261
-0.0388315
0.0327237
-0.0642447
0.106814
0.0101217
0.124305
0.00592758
0.0724239
0.026918
0.140696
0.00068511
-0.00145323
-0.0699868
0.0603042
-0.0561578
0.0121425
-0.0720261
-0.0361822
-0.0691894
0.00369405
-0.0795328
0.0263953
0.028593
-0.0378996
0.0297413
-0.0454317
-0.0414344
0.0818324
-0.0426143
0.0227957
-0.0821316
0.043176
0.0309735
-0.0386332
-0.0484277
-0.024215
-0.0767189
-0.00701173
-0.0852635
0.141993
-0.0125366
0.0504733
-0.0712479
0.130036
0.0209276
0.141027
0.0119889
0.111511
-0.0256829
0.0168445
0.037168
-0.0243156
0.0392582
0.132913
-0.026083
0.0790167
-0.0552697
-0.00995461
0.0333471
0.171012
0.0233483
0.107633
-0.0392536
-0.000671849
-0.0957565
0.000431942
0.043796
0.0553172
0.0379022
-0.0421806
0.0382765
-0.0529601
0.0309517
-0.051907
-0.0410839
-0.0588526
-0.0260304
0.0375751
-0.0875021
0.0180237
-0.0966052
0.115844
0.0342815
-0.0476933
-0.0590541
0.00703826
-0.0873377
0.0675665
-0.0737059
0.232685
0.036297
-0.061607
0.00735273
-0.0525713
-0.0707656
0.158808
-0.0209782
-0.0279575
-0.0908505
0.182355
0.0021021
0.0363365
0.0468539
0.0933906
0.0487927
0.189713
0.0391646
0.175095
-0.00954046
0.141719
-0.0329885
0.196021
0.016659
-0.0105272
-0.110019
0.0289098
-0.100041
-0.0573817
-0.0481073
0.211613
0.00039378
0.104973
-0.0513305
0.0456039
-0.0922712
-0.00952074
0.0505881
-0.0313178
0.0480938
0.199055
-0.0144796
0.0175971
0.0553932
0.171222
-0.0259862
0.00398964
-0.103348
-0.0418864
-0.0927859
0.163409
-0.0338803
0.138071
-0.0443183
0.0753355
-0.0820832
0.0970982
0.0616474
0.00967168
-0.111138
0.0514037
-0.0998177
0.0157222
-0.115208
-0.0526083
-0.090667
-0.0420185
0.051622
-0.0519767
0.042734
-0.0713872
0.0120681
0.112371
-0.062521
0.107014
-0.0765244
-0.00169323
0.0605606
-0.0539749
0.0530727
-0.0364869
0.0612943
0.0270948
-0.113772
0.0249596
-0.123341
0.0232407
0.0737028
-0.0621718
0.0467969
-0.027324
-0.105871
0.158116
-0.0448836
0.0444868
-0.115371
0.014414
-0.127293
0.0699956
0.0704652
0.252028
0.0169911
0.197851
-0.0271186
-0.0181188
-0.118396
0.0034197
-0.123406
-0.0139672
0.075117
-0.0586385
0.0671998
-0.0712132
0.0557422
-0.0700905
0.0338915
0.143336
-0.0596489
0.0963056
0.0903452
-0.0917123
0.0511313
0.238625
-0.00966831
0.0746989
-0.0955577
0.244645
0.00180495
0.0317158
-0.127286
-0.0398929
0.0786296
0.301751
0.059967
-0.0827506
0.0169006
0.306767
0.0423163
-0.0451362
-0.111669
0.178989
-0.0442912
0.00326504
-0.135384
0.0401716
0.092365
0.0368579
0.0834776
0.211642
0.0626465
-0.0808209
0.0428501
-0.0687834
0.0718123
-0.0716255
-0.0204271
-0.0642574
-0.0654868
0.273151
0.00439452
0.0984344
-0.0907288
0.0755941
0.0782262
0.132776
0.0832201
0.391429
0.0708256
-0.00939581
-0.131005
0.01709
-0.136778
-0.0342566
0.0856729
-0.0852014
0.0662566
0.160637
-0.0611188
0.128176
-0.0768758
-0.0967449
0.0731081
-0.0985811
0.0628491
-0.0977742
0.0392795
0.234722
-0.0179622
0.192207
-0.0470632
-0.0741708
0.0778631
-0.100538
0.0524967
-0.0856046
0.0334443
-0.0640897
-0.108032
0.286816
0.0160661
0.0734544
-0.107041
-0.0526575
-0.114647
0.216202
-0.0322537
0.051903
-0.120975
0.0521002
-0.126531
0.0408452
-0.133312
-0.0807295
-0.0459463
0.271106
-0.00298067
-0.019152
-0.143803
0.231429
0.10176
-0.0907599
0.0382762
-0.0262067
-0.120888
0.21744
0.0841837
-0.0460018
-0.148618
-0.00627095
-0.147947
-0.0939517
0.0225927
0.399285
0.0880124
-0.0349574
-0.134897
0.181072
-0.0592671
0.325897
0.0332871
0.104738
-0.0959168
0.0358371
-0.146561
0.0725234
-0.117244
-0.104481
0.0689722
-0.0894958
-0.0127846
0.230903
-0.0329018
0.0567719
-0.130495
-0.0553964
0.0869609
0.20188
0.111124
-0.102174
0.0182237
0.244562
-0.0204635
0.0199799
-0.153521
0.0652502
-0.126611
-0.108067
0.0762088
-0.105868
0.0443602
0.27995
-0.00704794
0.145839
-0.080413
0.109339
-0.10373
0.128304
0.113266
-0.110085
0.0671619
-0.105471
0.0597863
-0.112144
0.0430692
0.212354
-0.0449381
-0.111943
0.0570653
0.393687
0.0591666
-8.31807e-005
0.0957284
-0.0882732
0.0827672
-0.100592
0.0839741
-0.0776423
-0.0907913
0.0652796
-0.131485
0.254897
-0.024199
-0.0989065
-0.0139308
-0.090781
-0.0560511
-0.0601122
-0.148224
0.185059
-0.0652338
0.0841077
-0.120256
-0.115276
0.0788332
0.0326847
0.105873
-0.115575
0.0671391
0.319073
0.0194031
0.234254
-0.0384045
-0.0403702
0.0976363
0.373853
0.0411573
0.323631
0.0121824
-0.0139429
-0.164199
0.00441799
-0.149631
0.110949
-0.110853
0.0740113
-0.12823
-0.122051
0.0511467
-0.116421
0.0425758
-0.111731
0.0149543
0.160885
-0.0832056
0.0561792
-0.139486
0.0592042
0.11433
-0.105907
-0.0189147
-0.0257567
-0.161286
0.244075
-0.0419276
0.0371153
-0.161175
-0.108951
0.08646
-0.119302
0.0917087
-0.120271
0.0181085
-0.116742
0.00114984
0.18109
-0.0774864
0.0725163
-0.134597
-0.0873037
0.0932584
-0.121338
0.0717927
-0.082702
-0.121951
0.215181
-0.0551795
0.138145
-0.0960684
-0.0432393
0.108361
-0.102641
-0.0326679
0.282274
-0.0244592
-0.036737
-0.182098
0.0921272
-0.124883
0.0749187
-0.138989
-0.129648
0.0520435
0.0857942
-0.133612
-0.102445
0.100915
-0.0990818
-0.0527522
0.241774
-0.0497234
0.158415
-0.0928885
-0.126201
0.00484048
-0.113616
-0.0532073
-0.119499
-0.033902
0.063953
-0.146038
0.285938
0.134967
0.280283
0.125764
-0.128188
0.080928
-0.10592
-0.0563691
0.135316
-0.107546
-0.134157
0.0445604
-0.0912498
-0.102814
0.321691
-0.000498647
0.106153
-0.128344
0.101901
0.125069
-0.122142
-0.0596154
-0.117151
-0.0978169
0.437535
0.066115
0.36051
0.0277753
-0.0101002
-0.181199
-0.0017396
-0.169523
0.173522
-0.090598
-0.129634
0.0980724
0.387641
0.101324
-0.083946
-0.148949
0.40477
0.128697
-0.0867047
0.111425
-0.133922
0.0767948
0.197029
-0.0766431
0.16194
-0.0971417
0.082557
-0.139027
0.0739118
-0.144293
-0.130565
0.00117968
-0.120825
-0.100596
-0.125945
-0.0563383
-0.0709963
-0.153355
-0.0293958
-0.206194
0.36881
0.0075272
0.0495958
-0.167018
0.0700328
-0.152789
-0.100394
-0.0981164
-0.0221155
-0.182728
0.0098477
-0.16712
0.172361
-0.0957989
0.0590058
-0.158547
-0.0764527
-0.177365
0.0226673
-0.171222
0.0502697
-0.153384
-0.0407283
0.116711
0.363607
0.134217
0.448944
0.116965
-0.138692
0.0606872
0.477464
0.0745917
-0.0558954
-0.189444
0.375285
0.0205953
0.343812
-0.0121936
0.0927131
-0.136375
-0.115255
0.109817
-0.136439
0.0942479
-0.128341
-0.0528176
-0.107423
-0.0970929
-0.122664
-0.108264
0.226512
-0.0633048
0.0159955
-0.185223
0.036628
-0.183822
0.160792
-0.102584
-0.134093
-0.000303435
-0.079505
-0.189915
-0.114987
-0.145371
-0.0138897
-0.205142
0.403546
0.0135279
0.257245
-0.0516486
-0.0819168
0.11694
-0.0996287
-0.148561
-0.0900846
-0.146424
-0.128918
-0.0781266
-0.0412494
-0.226832
0.345538
-0.00410338
0.284177
-0.0352574
0.18875
-0.0901587
0.100402
-0.140129
0.0358063
0.124696
-0.108229
0.117457
0.418416
0.138924
-0.109979
-0.13551
0.00256671
-0.192726
0.134871
-0.119811
-0.130841
0.11132
0.342923
-0.0221205
-0.142873
0.103437
0.544343
0.121851
-0.0937762
-0.203576
0.252576
-0.0629561
0.2095
-0.081015
-0.126064
0.121574
-0.101878
-0.204123
0.428119
0.0239835
0.0677218
-0.161431
0.0851576
-0.146052
-0.141646
0.118422
-0.139563
-0.000296507
0.532373
0.106818
0.465679
0.0837717
0.506272
0.0706663
-0.115925
-0.158372
0.0606861
-0.171039
-0.14065
0.12723
-0.141264
0.0856625
-0.0736067
-0.212178
0.44038
0.0502888
-0.0685552
-0.199696
0.107277
-0.148046
-0.0829894
0.125636
0.00030776
0.125788
0.264435
0.139536
-0.12489
-0.128989
-0.0841762
-0.19886
-0.0239763
-0.227657
0.229144
-0.0715951
0.079809
-0.156242
0.0941534
-0.151533
-0.149241
0.123187
0.39211
0.143254
-0.133737
-0.0702346
0.183601
-0.0989734
0.117341
-0.134957
-0.129578
0.138774
-0.154197
0.132577
0.0186303
0.141494
0.524608
0.130944
-0.146204
0.011969
-0.076922
-0.220099
0.0756224
-0.165488
-0.0775793
0.155656
-0.160485
0.142273
-0.158104
0.125647
-0.141919
-0.0407618
-0.0887441
-0.203488
-0.119932
-0.147237
0.388592
0.00371268
-0.136286
0.146387
-0.147732
0.113795
0.598716
0.114799
-0.135092
-0.103593
-0.136092
0.153864
-0.165739
0.136498
-0.146463
0.0660666
-0.123256
-0.155908
-0.0664919
-0.227046
-0.0576957
-0.220192
0.47797
0.0400082
-0.105965
-0.207359
0.395224
-0.0018673
-0.0907988
0.134735
-0.167276
0.121086
0.496311
0.140684
0.208956
-0.0889031
0.143264
-0.131566
-0.0690392
0.166264
0.0726326
0.137007
-0.154065
0.0640441
0.159667
-0.112752
-0.00926274
0.155983
0.0673654
0.155652
-0.176046
0.145138
-0.152557
0.114159
-0.11961
-0.192982
-0.110816
-0.202629
-0.0264475
-0.249168
-0.16729
0.153156
-0.174365
0.134227
-0.0714173
-0.239151
-0.0799624
-0.234463
-0.0926616
-0.250713
0.35607
-0.0303395
0.0597617
-0.185841
0.0293029
0.170045
0.187425
0.14812
-0.151891
0.0956445
0.610734
0.125958
0.387602
-0.0151968
0.212488
-0.0950047
0.0910921
0.164769
-0.183392
0.139684
-0.11549
-0.189587
0.119943
-0.145004
-0.0639869
0.175849
-0.160751
0.099026
0.291304
0.147129
-0.159775
0.0676391
0.609594
0.119849
0.232182
-0.0789345
0.0724536
-0.175858
-0.173498
0.165693
-0.152065
0.0251525
-0.15019
-0.0254441
-0.145754
-0.0795162
0.530802
0.0570844
-0.0703125
-0.261557
-0.100791
-0.24462
0.170398
-0.114577
0.136951
0.17454
-0.185088
0.15761
-0.171409
0.0866852
-0.131167
-0.153861
-0.0143587
-0.24401
-0.00881799
-0.231192
0.295704
-0.0457921
0.192197
0.17093
0.203004
0.157282
0.342087
0.157255
-0.112214
-0.232323
-0.0975201
-0.270364
0.0146371
-0.210212
0.435057
0.011424
0.0200154
-0.19992
0.0510253
-0.181577
0.0935037
-0.167384
0.112406
-0.153766
0.103144
-0.157146
0.144016
0.182868
0.252007
0.167931
0.00592715
-0.219329
0.191807
-0.109636
0.0898199
-0.159293
-0.13458
0.166842
0.446713
0.170964
0.515412
0.0858111
-0.0633232
-0.24809
-0.105969
-0.242637
-0.0846471
-0.284888
0.277058
-0.067371
0.244121
-0.0835383
0.111166
-0.159692
0.0508708
0.182721
0.455761
0.149597
-0.156422
-0.0155952
0.517579
0.0382229
0.00674692
-0.23724
0.080361
-0.186561
-0.159101
0.0244444
-0.0525124
-0.251177
0.46262
0.023236
0.122395
-0.150755
0.181773
0.19246
-0.0932408
0.181332
-0.190654
0.173362
-0.190233
0.147598
-0.138616
-0.138727
-0.0821576
-0.255639
-0.0362691
-0.261673
0.0238229
-0.225804
0.0249715
-0.214715
0.0759022
0.193375
-0.15743
0.181287
0.471193
0.16069
-0.0640913
-0.284668
-0.104088
-0.272092
-0.0999912
-0.275445
0.320756
-0.0482156
0.209278
0.200116
-0.0120223
0.187443
-0.183605
0.122543
0.0477175
-0.195199
0.059296
-0.198538
-0.191824
0.130774
-0.154506
-0.0539419
-0.0599989
-0.266774
0.430036
-0.00146147
0.217991
-0.106343
0.303777
0.190653
0.265572
0.18085
-0.176349
0.105961
0.536972
0.143729
0.645675
0.108121
0.653927
0.088311
0.00380705
-0.254365
-0.0953351
-0.289591
0.174193
-0.123085
-0.199451
0.179211
0.39584
0.17907
0.36501
-0.0362629
0.102908
-0.172313
0.232922
0.207098
-0.0530567
0.194232
-0.197032
0.163329
0.625291
0.132617
0.66051
0.120738
0.578056
0.087524
-0.0212143
-0.270065
0.0304181
-0.208848
-0.198546
0.147247
-0.197779
0.131804
0.624915
0.101263
0.551276
0.0706599
-0.115131
-0.257079
0.545536
0.0332417
0.0365349
-0.202554
0.126986
-0.156344
0.0947765
0.20064
-0.191552
0.106523
-0.182929
0.0868448
0.591826
0.145474
0.582561
0.0555277
-0.0618649
-0.276587
-0.00913508
-0.261699
-0.0884128
-0.302368
0.121043
-0.164733
-0.204265
0.149245
-0.191941
0.0741359
-0.168086
0.0612411
-0.127509
-0.201701
0.327163
-0.056497
0.0260891
0.205257
0.395454
0.188183
-0.202791
0.170624
-0.187661
0.0674545
0.385163
-0.0366719
0.385247
0.213577
-0.191158
0.186635
0.493875
0.195327
-0.178467
0.0744678
0.656805
0.134865
0.588391
0.0679124
-0.027989
-0.277097
0.201516
-0.119516
-0.0758917
0.206499
-0.154911
0.196801
-0.204869
0.181931
0.571554
0.171914
-0.196587
0.0881519
-0.162185
-0.0299178
0.666014
0.092438
-0.129476
-0.227957
-0.0410133
-0.278422
0.488959
0.0196747
0.242417
-0.0930003
0.04913
-0.204661
0.0609212
0.213734
-0.189483
0.199769
-0.202606
0.192343
0.559816
0.19028
0.584888
0.181611
-0.203231
0.132012
-0.184465
0.0411647
0.578119
0.159528
0.654989
0.114407
-0.0485115
-0.293468
0.158685
-0.133268
0.159056
-0.139425
0.395458
0.202985
-0.165914
0.0202388
-0.0426595
-0.31273
-0.0944515
-0.304586
-0.089081
-0.330324
0.302196
-0.0731233
0.0940781
-0.194641
0.220262
0.214264
-0.190004
0.209863
0.62135
0.198569
-0.137967
-0.205399
-0.0721952
-0.286576
-0.0831995
-0.32519
-0.0942534
-0.320766
0.0329244
-0.238391
0.404837
-0.0217782
0.267341
-0.0836456
0.179791
-0.129796
0.0995139
-0.185812
-0.154453
0.211936
-0.200505
0.204467
0.494218
0.198963
-0.20926
0.189641
-0.177075
0.0504107
-0.13727
-0.179772
-0.103403
-0.300206
0.140183
-0.144245
0.143298
-0.161729
-0.0580869
0.25357
-0.00488158
0.252221
-0.0616646
0.246421
-0.116583
0.221879
-0.0278134
0.218548
0.247922
0.224607
-0.181157
0.21777
0.573317
0.205016
0.628624
0.177644
-0.192272
0.0368108
-0.199478
0.10863
-0.175154
0.0117166
0.680108
0.122427
-0.14749
-0.116945
-0.0732394
-0.318374
0.0228373
-0.237306
-0.0833669
-0.338006
0.0803363
-0.206343
0.00898423
0.237226
-0.114803
0.231899
-0.0443694
0.226833
0.155996
0.231061
-0.158284
0.223484
0.511772
0.214524
0.550333
0.210615
-0.209124
0.167781
0.631871
0.188423
-0.209962
0.132195
-0.200757
0.071497
-0.183073
0.00826616
-0.171175
-0.0325683
-0.119807
-0.271783
0.0515673
0.24886
0.215242
0.242348
-0.184019
0.227164
0.440191
0.224368
0.634991
0.170287
0.466847
0.00524126
-0.0648393
-0.334537
-0.0730957
-0.341648
0.347639
-0.0581921
0.243712
-0.103266
0.147831
-0.151303
-0.134729
0.24363
0.370411
0.234251
-0.208481
0.20524
0.668497
0.175948
0.0361799
-0.22216
-0.0137018
0.258183
-0.0869722
0.258912
0.236944
0.248463
-0.162546
0.235723
0.626452
0.217422
0.617747
0.210703
-0.217421
0.192681
-0.21954
0.150449
0.609538
0.0722992
-0.0253852
-0.301507
0.396058
-0.0389335
0.173288
-0.141234
0.0626171
0.255504
0.15171
0.254151
0.395778
0.247458
0.389505
0.241133
0.487583
0.233249
-0.201198
0.217122
0.556457
0.222437
-0.216385
0.176682
-0.205012
0.107773
-0.20606
0.0803213
-0.197859
0.00970211
-0.190574
-0.0141965
0.649842
0.159539
0.666901
0.146887
0.678335
0.0934932
-0.152913
-0.136187
-0.135739
-0.237955
0.557662
0.046962
-0.0543704
-0.317583
0.535558
0.0222681
-0.0862939
-0.349404
0.0517319
-0.217206
-0.169166
0.249454
0.517567
0.240512
0.659777
0.225727
-0.182242
-0.0447607
-0.158323
-0.0796302
0.648796
0.0749373
-0.0220018
-0.289727
0.021566
-0.25277
-0.0939437
-0.338619
-0.118741
0.253122
-0.185475
0.242216
0.6115
0.239863
-0.208554
0.11503
0.683111
0.154425
-0.165649
-0.0719944
0.676831
0.0814326
0.62948
0.066419
-0.00342767
-0.276183
-0.0776859
-0.349545
0.423829
-0.0256327
0.620469
0.231276
0.646088
0.182576
-0.213217
0.063956
0.680999
0.110388
0.627533
0.0830705
0.507037
0.0127365
-0.117902
0.263211
0.346344
0.254599
0.668961
0.209571
-0.214699
0.128578
-0.0531912
-0.33163
-0.0944347
-0.360264
0.12514
0.264771
0.26271
0.264039
0.509689
0.255851
0.599143
0.244453
-0.210288
0.233551
0.697932
0.220445
-0.217147
0.204349
-0.204767
0.0453999
-0.144048
-0.169033
0.0331776
-0.253121
0.131429
-0.169261
-0.219668
0.218216
-0.228522
0.20688
-0.22439
0.166515
-0.204991
-0.00736432
-0.16038
-0.11008
-0.00899434
-0.286864
-0.085307
-0.367088
0.0509464
-0.23014
0.0602973
-0.210569
0.227663
-0.11241
-0.0752432
0.266763
0.678803
0.237612
0.69261
0.201166
0.682817
0.186144
-0.224849
0.185061
-0.156473
-0.148735
-0.10672
-0.319698
0.552868
0.0133437
-0.0774473
-0.361832
0.104237
-0.20444
0.0234611
0.268862
-0.151528
0.257623
-0.212808
0.222202
-0.219801
0.0277868
-0.211949
0.026683
0.681343
0.163745
0.683886
0.130778
0.00357415
-0.307852
-0.0281991
-0.31387
0.0282369
-0.268172
-0.105529
-0.342007
-0.0513564
-0.351627
0.373343
-0.0539337
0.443594
0.264129
-0.223689
0.141346
0.697956
0.166752
-0.146819
-0.190402
-0.117265
-0.313704
0.0420473
-0.237918
0.551122
0.248362
0.697769
0.136008
-0.173843
-0.0772517
0.66956
0.0764725
0.578904
0.0404457
-0.0899127
-0.36074
0.298085
0.273973
0.385963
0.273185
-0.154237
0.267411
0.676857
0.24902
0.721409
0.240371
-0.228581
0.216914
-0.216524
0.0784669
0.70023
0.15127
0.117267
-0.179726
0.160262
-0.153769
-0.116952
0.274568
-0.197679
0.254228
-0.201002
0.238213
0.702274
0.229939
0.724837
0.2218
0.718753
0.210479
0.769679
0.19277
-0.184228
-0.0946946
-0.179621
-0.088544
0.2779
-0.090284
0.198904
-0.130525
0.137727
-0.176053
0.164089
0.275229
0.719498
0.192905
-0.205108
-0.0400663
-0.215157
-0.0527962
-0.109607
-0.353471
0.346946
-0.065887
-0.0182998
0.276606
0.508091
0.273777
-0.164543
0.275396
0.571998
0.268384
-0.181396
0.259657
0.641846
0.262721
-0.222101
0.231479
0.73305
0.214584
0.773377
0.156173
0.775534
0.0946562
-0.221234
0.100575
-0.223043
0.0214094
0.712599
0.172735
-0.198704
-0.0289778
-0.188663
-0.0711395
0.698179
0.122977
0.6939
0.107951
-0.146447
-0.22236
-0.127051
-0.28238
-0.089493
-0.373638
0.128022
-0.190585
-0.218459
0.241701
0.732323
0.202666
-0.220655
-0.0299168
-0.174528
-0.11704
0.70798
0.130099
-0.0977119
-0.367852
-0.0928615
-0.38064
-0.0370957
-0.374291
-0.0838435
-0.378612
0.446336
-0.0120496
-0.0743788
-0.37487
0.423269
-0.0345568
-0.214148
0.252892
0.764177
0.20834
0.718867
0.161049
0.710005
0.155507
-0.165186
-0.121656
-0.0663993
-0.369936
0.223916
-0.119774
0.162555
0.281901
0.459797
0.279291
-0.18186
0.269683
-0.231386
0.229691
0.7318
0.186145
-0.155421
-0.186209
0.608298
0.0607944
-0.136281
-0.287862
0.0179302
-0.301182
-0.120467
-0.327873
-0.0882098
-0.385899
-0.0585209
-0.361865
0.45795
-0.0216017
0.106247
-0.219882
0.203546
-0.138186
0.179415
-0.146252
-0.195776
0.265212
-0.211771
0.266446
-0.221958
0.256076
0.730188
0.23173
-0.228006
0.248754
0.766434
0.217441
0.767435
0.170315
0.631108
0.0501724
-0.127923
-0.303207
-0.100273
-0.378073
0.297586
-0.0973726
0.0803379
-0.228143
0.165053
-0.158001
0.0255984
0.282372
0.746413
0.241045
0.759105
0.219659
0.762529
0.188449
0.726281
0.173554
0.769291
0.116197
-0.187782
-0.115298
-0.167273
-0.163027
0.569783
0.0264541
-0.0943874
-0.392433
0.611034
0.275206
-0.220823
0.263009
0.741689
0.254785
-0.227311
0.26501
0.741173
0.224655
0.761015
0.235404
0.741855
0.20972
0.72764
0.152758
-0.223882
-0.0302336
0.717085
0.140913
-0.0144626
-0.335029
-0.0279428
-0.339015
0.0296764
-0.281953
0.32702
-0.0761861
0.254341
-0.10895
0.222719
-0.127984
0.673179
0.271472
-0.236846
0.248629
0.749811
0.219641
0.751995
0.207838
0.757872
0.204041
0.73839
0.189863
0.760875
0.157543
-0.204897
-0.0758304
-0.222779
-0.102532
-0.180162
-0.115453
0.70356
0.101193
0.609012
0.0497627
-0.143184
-0.256489
0.00433813
-0.323595
0.0301441
-0.315075
0.011741
-0.272905
0.505664
0.00287237
0.38905
-0.0546344
0.374251
0.282244
-0.068102
0.281861
0.711898
0.264892
0.746047
0.194721
-0.195341
-0.0608566
-0.18547
-0.40388
0.698548
0.0672788
-0.174745
-0.411558
-0.169907
-0.406272
-0.164516
-0.415229
-0.151107
-0.228615
-0.000334699
-0.334296
0.650389
0.279115
0.709828
0.2764
-0.233701
0.259853
0.753046
0.232182
-0.226135
-0.0529421
-0.186446
-0.411127
-0.175344
-0.418888
-0.147645
-0.413529
-0.138491
-0.40846
-0.130637
-0.412465
-0.132645
-0.311317
0.0462561
-0.328712
-0.120638
-0.3454
-0.109644
-0.377422
-0.0824275
-0.396854
0.043411
-0.250728
0.372798
-0.0671477
0.349387
0.288333
0.528923
0.285317
-0.0240171
0.286718
-0.192296
0.277001
-0.223692
0.273685
0.753878
0.186262
0.735139
0.167168
-0.192739
-0.116295
-0.156549
-0.423829
-0.133928
-0.420034
-0.116452
-0.408619
-0.103651
-0.396612
0.0440376
-0.264637
0.484565
-0.00853757
0.347333
-0.0801364
0.153384
-0.166117
0.679245
0.283188
-0.215021
0.283135
-0.234044
0.269234
0.758255
0.25129
0.755468
0.244028
0.743482
0.174542
0.773399
0.00485447
-0.20684
-0.144803
-0.215775
-0.106161
0.678315
0.0645719
-0.158245
-0.212771
-0.107871
-0.405219
0.591177
0.0194682
0.0121465
-0.285044
0.413357
-0.0550075
0.246441
-0.119277
0.595001
0.283288
0.753908
0.251231
0.763709
0.0605635
0.730906
0.118003
-0.199495
-0.115011
-0.189595
-0.161845
-0.187083
-0.391537
-0.129942
-0.403063
-0.119377
-0.41578
-0.139365
-0.318595
-0.0971777
-0.406918
-0.0494074
-0.380667
0.06689
-0.236198
0.111927
-0.193671
0.560626
0.27997
-0.151227
0.284543
0.743221
0.270972
-0.239033
0.263696
0.7386
0.123286
-0.184165
-0.140272
-0.176386
-0.153261
0.70957
0.0816233
0.688875
0.0686241
-0.183841
-0.430104
-0.15444
-0.252332
0.671394
0.0570886
0.655956
0.0556601
-0.156045
-0.280181
-0.118349
-0.396702
-0.108036
-0.413091
0.0454211
-0.278696
-0.0328716
-0.349837
-0.0652625
0.288994
-0.107438
0.294383
-0.230974
0.2776
-0.236941
0.275416
0.755953
0.262918
0.75196
0.14076
-0.226318
-0.109626
-0.226323
-0.177176
-0.197486
-0.157343
-0.15993
-0.400165
-0.113402
-0.422575
-0.117848
-0.385142
0.00148143
-0.355452
0.0575468
-0.245348
0.169861
-0.163855
0.0526461
0.287374
-0.219273
-0.151047
0.724063
0.114174
0.683821
0.0681344
-0.189129
-0.438028
-0.14629
-0.398085
-0.14573
-0.287037
-0.136602
-0.36627
0.102586
-0.346718
0.0509061
-0.346213
0.526238
-0.00617699
-0.0683794
-0.389788
0.2732
-0.111635
0.226354
-0.135137
0.465975
0.287744
0.189494
0.288995
0.638089
0.289624
0.715731
0.0924132
-0.164183
-0.262988
-0.163638
-0.384836
-0.140375
-0.426749
0.596367
0.0346924
0.053656
-0.315486
0.0492296
-0.353572
0.152254
-0.179612
0.216075
-0.144534
0.18659
-0.152179
0.237038
0.297292
-0.157246
0.295976
0.760065
0.283724
0.759282
0.27154
-0.229775
-0.233303
-0.194102
-0.213751
-0.185255
-0.179207
-0.180207
-0.190502
-0.20348
-0.401802
-0.19582
-0.378319
-0.17978
-0.379836
-0.130171
-0.363687
0.590039
0.0283508
0.00702092
-0.348082
0.0727025
-0.248739
0.0880627
0.295867
-0.226704
0.286708
0.721834
0.0443154
-0.168424
-0.212536
-0.141838
-0.382263
0.601306
0.0417089
-0.13053
-0.344908
0.0335037
-0.295522
-0.0225354
-0.368977
-0.218052
0.298057
0.755312
0.275302
0.769744
-0.07142
0.691037
0.0875795
-0.175749
-0.238387
-0.169753
-0.282894
-0.204926
-0.430819
-0.162103
-0.291115
-0.134523
-0.351714
-0.0911501
-0.425185
-0.0977554
-0.4181
-0.0863826
-0.404897
0.18616
-0.163298
-0.23387
0.289603
0.771693
-0.12966
0.745487
0.0358502
-0.202088
-0.190278
0.711663
0.00432023
0.696501
-0.123389
-0.198194
-0.39104
-0.190306
-0.367433
-0.002344
-0.363586
0.582193
0.289604
0.693374
0.288831
-0.193782
0.293855
-0.222466
-0.229677
-0.20892
-0.383872
0.704156
0.0185931
-0.164733
-0.370919
-0.154695
-0.302162
0.647758
0.034051
-0.138433
-0.373472
-0.0968783
-0.431119
-0.0215859
-0.382996
0.75441
0.0486574
0.692732
-0.0877406
-0.158393
-0.359416
-0.166707
-0.435866
-0.149791
-0.326957
0.626151
0.0353036
0.448438
-0.0483055
0.0121819
0.300783
-0.101379
0.303537
-0.164677
0.30522
-0.201246
0.310529
0.728514
0.285604
-0.228448
0.299698
-0.226705
-0.281018
0.698398
0.0129134
-0.201078
-0.420211
-0.200746
-0.442337
-0.182364
-0.443563
-0.133614
-0.432637
0.0626089
-0.259466
0.452203
-0.0346635
0.45858
0.293234
0.530371
0.290491
0.746682
0.283558
0.757667
0.298935
0.75514
-0.0662797
-0.233601
-0.343592
-0.211215
-0.221647
-0.220006
-0.32116
-0.184919
-0.212788
-0.210799
-0.411283
0.694001
0.0433835
-0.18171
-0.364017
-0.189106
-0.356459
-0.180102
-0.26106
-0.175607
-0.35527
-0.163941
-0.308413
-0.157931
-0.44399
-0.148306
-0.350136
0.113534
-0.356301
-0.0805833
-0.42087
0.241946
-0.130562
0.616491
0.296444
-0.229893
0.312018
0.761071
0.301137
-0.202887
-0.237258
-0.217897
-0.385088
-0.198917
-0.367197
-0.17541
-0.302794
0.664205
0.0392535
-0.124607
-0.437075
0.0383109
-0.35976
0.0646529
-0.27543
0.349895
0.296233
0.66555
0.297358
0.767336
-0.170318
0.735369
0.0110491
-0.215743
-0.40092
-0.171332
-0.326517
-0.17082
-0.345851
-0.159973
-0.327563
0.0545536
-0.296041
0.0852144
0.307071
0.72594
0.295834
0.708128
-0.129865
-0.214219
-0.418507
-0.215568
-0.429982
-0.18234
-0.342395
0.668287
0.0216775
-0.162078
-0.342694
-0.184487
-0.452542
-0.163023
-0.453207
0.610797
0.0256436
0.0289662
-0.36519
0.0741465
-0.289239
0.0890293
-0.30124
0.022925
-0.374364
-0.048977
-0.397327
0.239049
-0.138066
0.165735
-0.17348
0.206261
0.302053
-0.0258014
0.306295
0.767481
-0.267711
0.757824
-0.183198
-0.229855
-0.325483
-0.19955
-0.271176
0.49867
-0.0202506
0.351677
0.300885
0.704571
0.296308
-0.223629
-0.369297
-0.208215
-0.366215
0.726557
0.00497506
0.685465
-0.166759
-0.0709901
-0.410442
-0.0627081
-0.402868
0.280146
-0.120342
0.258237
-0.125093
-0.110348
0.311719
0.686699
0.305068
0.761397
-0.290467
-0.187166
-0.249137
-0.181055
-0.325763
0.681949
0.0455856
-0.111247
-0.43985
0.611178
0.0148578
0.187293
-0.366466
-0.0807201
-0.429165
0.108181
-0.33593
0.184033
-0.350621
-0.000958643
-0.381048
0.145739
-0.191831
0.362344
0.304662
-0.0691093
0.308455
0.740583
0.297168
-0.230417
-0.38882
-0.207146
-0.297052
-0.19316
-0.281402
-0.221024
-0.406054
0.690295
-0.041347
0.680665
-0.148937
-0.200951
-0.455723
-0.17388
-0.46391
0.102575
-0.371249
0.0279716
-0.386192
0.519216
0.296037
0.282873
0.310897
-0.0131143
0.313417
0.724879
0.305025
0.760088
0.313667
-0.21204
-0.334947
-0.185892
-0.289476
-0.185476
-0.316089
-0.198049
-0.355501
-0.192212
-0.346502
0.674993
0.0453887
-0.0531696
-0.410223
-0.0369106
-0.403475
0.567568
0.294429
-0.214234
0.323567
0.744566
0.31141
0.752779
0.295029
0.755607
0.310749
-0.235014
0.30858
0.757503
0.322093
-0.206277
-0.342604
-0.21664
-0.364954
-0.216266
-0.451156
0.688075
0.0377353
0.480876
-0.0348707
0.0938908
-0.286839
0.342579
-0.0916379
0.0912714
-0.2595
0.0842672
-0.244874
0.203184
-0.157102
0.13998
0.314835
-0.223144
0.315239
0.744732
-0.186279
-0.199719
-0.317935
-0.189964
-0.334163
0.677222
-0.21971
-0.192821
-0.465752
-0.162641
-0.500391
-0.136609
-0.500581
-0.136065
-0.44796
-0.145207
-0.455979
-0.132475
-0.491176
0.111263
-0.232854
0.634169
0.303394
0.717449
0.313532
-0.231814
0.323054
0.762126
-0.38836
-0.225565
-0.434222
-0.193333
-0.319105
-0.150359
-0.481052
-0.104503
-0.447625
-0.0795746
-0.435032
-0.0620117
-0.429874
0.227208
-0.353562
-0.0532963
-0.419306
0.0927382
-0.317016
-0.0243971
-0.393561
0.455048
0.299538
0.560972
0.300963
-0.238277
0.324173
0.744682
-0.259294
0.727442
-0.0803999
-0.198885
-0.342705
0.6895
0.00435247
-0.209003
-0.466423
-0.200309
-0.477575
-0.186146
-0.477043
-0.171364
-0.514118
-0.168454
-0.473219
-0.173085
-0.483639
0.205647
-0.358721
0.0261433
-0.392362
0.24824
-0.140611
0.185773
-0.171466
-0.151396
0.318569
-0.188622
0.324825
0.758784
-0.362754
-0.194318
-0.491403
-0.188345
-0.509051
-0.183673
-0.492475
-0.150533
-0.510977
-0.142609
-0.465041
-0.123821
-0.475364
-0.0178195
-0.41103
0.394124
-0.0755029
0.478661
0.303907
-0.0768126
0.32031
0.70171
0.321699
0.735382
0.326261
-0.225609
0.3312
0.752117
0.323822
-0.218997
-0.468037
-0.0237379
-0.43308
-0.054711
-0.435583
-0.0698188
-0.441861
-0.0893962
-0.466609
0.0843534
-0.273425
0.64821
0.314194
-0.209989
0.331191
-0.237322
-0.403555
-0.23729
-0.467384
-0.225927
-0.463649
0.680897
-0.0791419
0.673773
-0.208212
0.655287
0.0157101
-0.206946
-0.492081
-0.184936
-0.525283
0.635794
0.0154738
-0.120038
-0.505054
-0.100768
-0.485539
0.468238
-0.0530665
0.252367
-0.134396
0.582663
0.307666
-3.75874e-005
0.320938
-0.0897511
0.327254
0.760535
-0.416927
-0.234824
-0.423979
0.735951
-0.123517
-0.233883
-0.483798
-0.224658
-0.483521
0.666593
-0.204475
0.65789
-0.256532
0.646092
-0.00146086
-0.160131
-0.52156
-0.136272
-0.519213
0.616825
-0.00720306
-0.130853
-0.512534
0.3224
-0.35731
-0.10819
-0.496995
-0.107534
-0.460114
-0.078126
-0.451603
0.16565
-0.337777
0.00163205
-0.389659
0.101974
-0.296903
0.226698
-0.152063
-0.177757
0.337208
-0.236534
0.338978
0.739571
-0.32793
0.716013
-0.200775
-0.214472
-0.48038
-0.184346
-0.541573
-0.207753
-0.524454
0.137247
-0.313623
0.132436
-0.206746
0.161768
-0.20011
-0.151171
0.328409
-0.214756
0.340462
-0.188779
-0.640201
0.751233
-0.319031
0.67598
0.025493
0.64518
-0.267727
0.665274
-0.253626
-0.15776
-0.535604
0.578382
0.00388816
0.344141
-0.362541
-0.02497
-0.442528
0.42287
-0.0636719
0.264008
-0.131648
0.204951
-0.1672
0.19464
-0.169403
0.591726
0.313487
-0.230483
0.344819
-0.14391
-0.647813
-0.23664
0.347577
-0.142949
-0.636663
-0.153645
-0.630218
-0.212463
-0.633465
-0.186498
-0.626689
-0.133588
-0.621541
0.757699
-0.437398
-0.239624
-0.431277
0.706057
-0.312526
-0.219544
-0.51034
-0.203439
-0.50683
0.669295
-0.148112
0.682742
-0.229021
0.157189
-0.38102
0.580299
-0.0212319
-0.0524947
-0.481353
0.516126
-0.0323729
0.309541
-0.106256
0.172165
-0.185588
0.337036
0.322335
0.109243
0.321656
-0.112672
0.33825
-0.188473
0.34437
-0.222395
0.347498
-0.241719
0.347668
-0.22561
-0.648421
-0.213575
-0.625269
-0.180389
-0.61841
-0.227744
-0.506367
0.687829
-0.265607
-0.137297
-0.527737
-0.0964266
-0.51378
0.249126
-0.374394
-0.000981388
-0.451771
0.0126017
-0.402654
-0.0495417
-0.448478
-0.0366881
-0.458387
0.441125
0.319007
0.0398754
0.328583
0.0462151
0.33655
-0.14724
0.343142
-0.15297
-0.654701
-0.197543
-0.652534
-0.239921
-0.648087
-0.232651
-0.649844
-0.237793
-0.639441
-0.231525
-0.643333
-0.231692
-0.526031
0.68201
-0.0303384
-0.206555
-0.539839
0.650648
-0.283952
-0.112394
-0.537013
0.540007
-0.0180217
-0.0697874
-0.504206
-0.0598568
-0.495439
0.579973
0.318741
0.661808
0.326893
-0.0951465
0.343613
-0.111199
-0.655159
-0.097211
-0.635348
-0.24657
-0.635221
-0.0660245
-0.626919
-0.148398
-0.612421
-0.244224
-0.477946
0.757444
-0.41175
-0.244392
-0.497776
-0.16939
-0.546941
-0.144825
-0.544951
0.651985
-0.227816
0.664714
-0.272393
-0.0937288
-0.525194
-0.0231609
-0.425055
0.0883242
-0.384072
0.280404
-0.351664
0.268831
-0.344207
0.277406
-0.130691
0.105133
-0.242783
0.757605
0.335913
-0.234014
-0.630208
-0.23343
-0.619483
-0.16022
-0.605025
-0.198846
-0.611075
-0.234799
-0.503399
0.699099
-0.284206
0.0293757
-0.458434
0.264384
-0.138124
0.136685
-0.22812
-0.00459859
-0.653849
-0.0734626
-0.648075
0.756214
0.344936
-0.246016
-0.645918
-0.243141
-0.625593
-0.240782
-0.499813
-0.191088
-0.552952
-0.165234
-0.553683
-0.224576
-0.538325
-0.215865
-0.551488
0.682205
0.00103804
-0.10752
-0.544472
0.640199
-0.286912
0.643598
-0.304532
-0.0528376
-0.524109
0.407389
-0.353066
0.0233681
-0.396646
-0.00326113
-0.492677
0.0991919
-0.251509
0.158334
-0.213786
0.224041
-0.163866
0.510158
0.313265
-0.0132767
0.343165
0.705261
0.334156
-0.0532073
-0.610701
-0.114345
-0.608221
-0.21146
-0.600771
0.669488
-0.00173949
0.0905722
-0.4345
-0.0392108
-0.514906
0.0267267
-0.415403
0.212209
-0.34224
0.37458
-0.0924441
0.196582
-0.174921
0.598883
0.32644
0.21457
0.330577
0.754168
0.350591
-0.24625
-0.619906
-0.245702
-0.540392
-0.231628
-0.552043
-0.179708
-0.564224
-0.132493
-0.550375
0.668164
-0.0744243
0.662226
0.00228462
0.622237
-0.312741
0.476672
-0.346204
0.566113
-0.0369774
0.390626
-0.345996
0.0203951
-0.478624
-0.0113745
-0.503903
0.126492
-0.297897
0.115798
-0.281524
0.155622
0.334161
-0.042708
-0.634309
-0.247669
-0.624875
-0.242856
-0.610003
-0.232079
-0.603665
-0.220166
-0.589653
-0.178701
-0.59479
-0.200136
-0.565181
0.751794
-0.484179
-0.165558
-0.569434
-0.245811
-0.515232
-0.236898
-0.542715
-0.240622
-0.522372
0.738501
-0.38595
0.724523
-0.308996
0.653093
-0.00950322
0.649826
-0.312716
-0.00664406
-0.521074
0.0490489
-0.448866
0.0135847
-0.464276
0.0218024
-0.620887
-0.200894
-0.589253
-0.188864
-0.582896
-0.186819
-0.574404
-0.205141
-0.57447
-0.240763
-0.555744
-0.247918
-0.50745
-0.220604
-0.563774
-0.0887619
-0.551098
0.679432
0.0112173
0.663239
-0.141532
0.62894
-0.320691
-0.0745473
-0.530724
-0.0319267
-0.528113
0.537242
-0.33985
0.0131595
-0.436859
0.512719
-0.0532982
0.0912556
-0.456282
0.201638
-0.332101
0.327349
-0.112832
0.28835
-0.133912
0.110644
-0.259509
0.512286
0.323224
0.433905
0.330542
0.74592
0.342751
-0.0526141
-0.617549
-0.247873
-0.607785
-0.137218
-0.597717
-0.235956
-0.592635
-0.163932
-0.588724
-0.177365
-0.581771
-0.234132
-0.562355
-0.134135
-0.559584
-0.0862041
-0.540875
0.41619
-0.359012
0.00672716
-0.429325
0.463571
-0.342549
0.375687
-0.342396
0.445302
-0.0713178
0.034206
-0.496629
0.20849
-0.180654
0.0303114
-0.637454
-0.242367
-0.591782
-0.238401
-0.580751
-0.227264
-0.57591
-0.23892
-0.568676
-0.208423
-0.5817
0.663798
-0.0268294
0.682856
-0.323
0.624813
-0.301061
0.619402
-0.319929
0.0554294
-0.468094
0.0612654
-0.488059
0.1146
-0.253189
0.747987
-0.639491
-0.249862
-0.616926
-0.0755051
-0.598658
-0.243774
-0.578707
-0.244288
-0.565509
-0.0456228
-0.545499
0.643949
-0.0220386
0.667852
-0.303259
0.608415
-0.313925
0.597598
-0.32774
0.603766
-0.334782
-0.0508656
-0.536015
0.582241
-0.326504
0.542881
-0.331359
0.174665
-0.403311
0.0413576
-0.514868
0.0881381
-0.505847
0.298214
-0.122352
0.120654
-0.270042
0.24805
-0.151421
0.124145
0.345329
0.733475
0.354931
0.113529
-0.630545
0.00940229
-0.628416
-0.250779
-0.599336
-0.247683
-0.556393
0.063749
-0.394353
0.189173
-0.187304
0.536516
0.328792
0.194707
0.338875
0.17643
-0.650291
0.746398
0.355705
0.745945
-0.627461
-0.0688651
-0.604445
-0.109967
-0.591926
-0.145021
-0.580695
-0.247884
-0.592273
-0.249334
-0.527097
0.743523
-0.444647
0.659847
-0.0174993
0.635138
-0.0128869
0.619901
-0.0310715
0.0685936
-0.52734
0.541256
-0.348819
0.0787076
-0.419413
0.112734
-0.442541
0.469051
-0.335971
0.434799
0.335812
0.288767
0.3351
0.6649
0.338693
0.719126
0.346541
-0.0585931
-0.566086
0.721661
-0.415605
0.706656
-0.371326
0.680158
-0.346788
0.601627
-0.0344707
0.336216
-0.376564
0.155935
-0.390847
0.0507992
-0.409212
0.130066
-0.248911
0.2129
-0.172557
0.66494
0.346899
0.114685
-0.646801
0.0279926
-0.612585
0.0456538
-0.604287
0.0608023
-0.560717
0.747505
-0.505826
0.741266
-0.47864
0.649136
-0.0286214
0.584987
-0.31978
0.10563
-0.478033
0.0988279
-0.493934
0.566671
0.336427
0.1254
-0.622419
0.74601
-0.61056
0.724667
-0.456675
0.668242
-0.0309365
0.692584
-0.350454
0.643484
-0.331802
0.633445
-0.03098
0.0792773
-0.403527
0.178775
-0.448625
0.506311
-0.0653468
0.401108
-0.0936616
0.313605
-0.125032
0.19765
-0.318236
0.24481
0.34729
0.714448
0.356104
0.241166
-0.638132
-0.249191
-0.574352
0.748751
-0.519567
0.644767
-0.213962
0.636629
-0.26434
0.639974
-0.0375839
0.0683713
-0.548428
0.626496
-0.288742
0.609656
-0.306089
0.602669
-0.348742
0.157369
-0.439344
0.258456
-0.44421
0.246053
-0.333284
0.117275
-0.465519
0.375232
0.343835
0.240079
0.343159
0.28498
-0.626532
0.157708
-0.616208
0.742421
-0.605119
0.0611972
-0.594247
-0.250906
-0.587758
0.748808
-0.559066
-0.250404
-0.54566
0.657528
-0.0990596
0.618461
-0.287242
0.632849
-0.0389877
0.605559
-0.301648
0.577154
-0.350121
0.538596
-0.326903
0.157079
-0.296781
0.450646
0.340605
0.634458
0.350708
0.404269
0.351026
0.624977
0.356706
0.394683
-0.643336
0.734127
-0.637649
0.734719
-0.628292
0.277027
-0.618958
0.746133
-0.593468
0.747457
-0.577629
0.746575
-0.535225
0.654565
-0.0455803
0.587184
-0.312695
0.0993939
-0.411073
0.239269
-0.162399
0.231602
-0.170023
0.365904
0.353198
0.652793
-0.639614
0.494609
-0.635987
0.495751
-0.621649
0.737079
-0.616884
0.20009
-0.608386
0.0301767
-0.584914
0.00155045
-0.555
0.555494
-0.356329
0.606957
-0.0422207
0.265714
-0.448777
0.708637
-0.63194
0.62666
-0.631305
0.704794
-0.619917
0.735737
-0.600438
0.734998
-0.583169
0.049139
-0.576752
0.74181
-0.541961
0.73136
-0.491246
0.640334
-0.353788
0.620583
-0.0433107
0.442676
-0.0855845
0.344492
-0.117261
0.129995
-0.240011
0.141487
-0.244888
0.174626
-0.203255
0.647225
-0.622829
0.386995
-0.612214
0.213867
-0.600322
0.30994
-0.590384
0.746377
-0.548805
0.139747
-0.558724
0.738506
-0.517991
0.65829
-0.064896
0.67136
-0.361114
0.0650951
-0.539696
0.631392
-0.0466375
0.595435
-0.302489
0.512817
-0.325748
0.252602
-0.458128
0.198314
-0.464499
0.152339
-0.283462
0.60417
-0.616038
0.709045
-0.605588
0.741985
-0.5617
0.715161
-0.457366
0.693409
-0.396153
0.608804
-0.0482273
0.490861
-0.371129
0.172884
-0.427971
0.23142
-0.506779
0.214518
-0.472061
0.187186
-0.484294
0.135519
-0.2642
0.411924
-0.599192
0.714382
-0.591874
0.197867
-0.584101
0.739444
-0.549549
0.667133
-0.34041
0.194178
-0.41367
0.119788
-0.520494
0.560874
-0.0515639
0.452587
-0.332075
0.223373
-0.498641
0.203406
-0.305122
0.66262
-0.609914
0.176658
-0.567227
0.716894
-0.473969
0.642703
-0.0537961
0.561673
-0.363715
0.241198
-0.535913
0.17109
-0.514734
0.312272
-0.132852
0.244252
-0.321318
0.256827
-0.160323
0.56911
-0.604505
0.734671
-0.53012
0.712749
-0.442089
0.64082
-0.167112
0.197012
-0.552106
0.198996
-0.543851
0.590074
-0.0449718
0.367834
-0.33519
0.327583
-0.476185
0.661035
-0.599119
0.704879
-0.583315
0.212293
-0.577052
0.360967
-0.569642
0.645769
-0.111766
0.631658
-0.103512
0.623193
-0.0570344
0.349017
-0.388602
0.263391
-0.528545
0.262967
-0.438528
0.157539
-0.276608
0.151533
-0.265252
0.686005
-0.590477
0.287345
-0.561232
0.706906
-0.45897
0.706006
-0.418154
0.635499
-0.21867
0.580825
-0.0530602
0.283458
-0.326041
0.273855
-0.148637
0.152156
-0.252374
0.714483
-0.571412
0.644093
-0.178239
0.626517
-0.100187
0.603067
-0.364452
0.489838
-0.386291
0.491195
-0.322374
0.369845
-0.114696
0.334313
-0.127854
0.305665
-0.483367
0.193022
-0.196691
0.61645
-0.589298
0.505594
-0.582819
0.375356
-0.577448
0.366232
-0.553687
0.629767
-0.256119
0.631441
-0.178763
0.616762
-0.271898
0.632666
-0.0635706
0.604382
-0.0539901
0.327415
-0.431127
0.55603
-0.315251
0.375609
-0.461783
0.302166
-0.467952
0.701572
-0.438466
0.69512
-0.450733
0.694066
-0.422473
0.638893
-0.108696
0.437341
-0.386594
0.313904
-0.411209
0.288193
-0.419747
0.340802
-0.129176
0.424967
-0.563759
0.717176
-0.526154
0.333591
-0.535175
0.623894
-0.37268
0.622572
-0.0814309
0.613736
-0.0537801
0.583032
-0.304217
0.369196
-0.52819
0.596107
-0.0509139
0.541164
-0.312095
0.294546
-0.509494
0.300516
-0.334149
0.180814
-0.288853
0.15127
-0.24046
0.221176
-0.183686
0.672483
-0.579302
0.607291
-0.578038
0.682164
-0.562977
0.724973
-0.555284
0.680806
-0.367423
0.615058
-0.069018
0.344682
-0.423314
0.3441
-0.451313
0.218459
-0.300955
0.182566
-0.212386
0.727052
-0.541043
0.497433
-0.55753
0.446559
-0.545761
0.351382
-0.54097
0.623823
-0.135366
0.58099
-0.378246
0.594171
-0.0597873
0.430828
-0.327832
0.536101
-0.569027
0.63362
-0.207289
0.632761
-0.201091
0.697085
-0.465402
0.681586
-0.389926
0.655308
-0.37212
0.391408
-0.446228
0.369129
-0.327274
0.629141
-0.571133
0.719147
-0.496799
0.470532
-0.538073
0.625724
-0.237772
0.611004
-0.266665
0.476487
-0.458076
0.369243
-0.124601
0.425106
-0.470931
0.382698
-0.484989
0.193854
-0.287322
0.591219
-0.555717
0.703718
-0.547642
0.69674
-0.533859
0.70731
-0.479471
0.413119
-0.53304
0.670621
-0.386985
0.616673
-0.120345
0.60567
-0.0633386
0.310637
-0.518039
0.556784
-0.0617466
0.514138
-0.314781
0.334515
-0.492368
0.207532
-0.200911
0.687712
-0.434247
0.717593
-0.511949
0.67955
-0.419601
0.687577
-0.454463
0.627718
-0.148919
0.627352
-0.388922
0.335664
-0.401847
0.584933
-0.0672883
0.360816
-0.415621
0.594581
-0.0772066
0.369488
-0.438848
0.168038
-0.27223
0.239204
-0.313437
0.622827
-0.561497
0.678181
-0.434168
0.627787
-0.214875
0.562991
-0.390799
0.391467
-0.404018
0.60137
-0.290071
0.580208
-0.0603959
0.599093
-0.461353
0.431107
-0.509583
0.1707
-0.262242
0.23308
-0.185932
0.660919
-0.548093
0.621667
-0.543968
0.537202
-0.545379
0.702163
-0.518027
0.706285
-0.494917
0.62372
-0.180983
0.696776
-0.479639
0.606034
-0.0827052
0.614039
-0.0907839
0.550031
-0.451395
0.344407
-0.135815
0.366679
-0.501598
0.276061
-0.156677
0.253531
-0.168802
0.683451
-0.441929
0.658911
-0.399018
0.567727
-0.0758968
0.574045
-0.301271
0.611813
-0.453403
0.443216
-0.523706
0.436159
-0.481589
0.261549
-0.318816
0.163038
-0.245573
0.66939
-0.432429
0.675268
-0.443119
0.681329
-0.462759
0.620655
-0.167234
0.685401
-0.478091
0.416745
-0.409288
0.629935
-0.474112
0.54511
-0.473183
0.453394
-0.492872
0.163383
-0.227308
0.253068
-0.178559
0.669926
-0.405803
0.700906
-0.503085
0.605851
-0.103246
0.480866
-0.398464
0.617361
-0.443963
0.638788
-0.452069
0.633765
-0.459199
0.577883
-0.0857853
0.646618
-0.468486
0.292955
-0.157172
0.210033
-0.287259
0.661768
-0.440084
0.499127
-0.531774
0.497684
-0.525623
0.655236
-0.461305
0.310913
-0.141761
0.269959
-0.16512
0.186934
-0.275514
0.659054
-0.537272
0.622625
-0.207902
0.660266
-0.450146
0.647222
-0.44416
0.670738
-0.474394
0.499275
-0.443022
0.513513
-0.516549
0.662368
-0.48025
0.610118
-0.484922
0.553899
-0.487073
0.494436
-0.480186
0.660484
-0.429035
0.522127
-0.507507
0.411251
-0.110716
0.467097
-0.318811
0.174203
-0.237389
0.190053
-0.222423
0.617171
-0.197398
0.615463
-0.156258
0.688029
-0.489429
0.678507
-0.497928
0.489967
-0.500366
0.253397
-0.310795
0.20755
-0.209876
0.670475
-0.527631
0.620215
-0.223554
0.60189
-0.40229
0.530187
-0.307148
0.64531
-0.482488
0.17285
-0.254287
0.22705
-0.197367
0.587192
-0.534128
0.651036
-0.435772
0.588809
-0.285597
0.583405
-0.097808
0.547598
-0.526261
0.688608
-0.508293
0.552865
-0.51834
0.613473
-0.178614
0.44569
-0.433485
0.496066
-0.0833538
0.538622
-0.494051
0.502554
-0.487653
0.2714
-0.169972
0.619332
-0.236157
0.677061
-0.518555
0.607725
-0.251535
0.576276
-0.436532
0.658796
-0.502848
0.600179
-0.152036
0.608261
-0.151887
0.562268
-0.0912667
0.561898
-0.300173
0.555271
-0.510753
0.570243
-0.501503
0.421477
-0.318957
0.262071
-0.178578
0.667287
-0.42007
0.648435
-0.428654
0.610536
-0.19585
0.607106
-0.169695
0.548561
-0.0778908
0.604185
-0.132319
0.596324
-0.0940742
0.594251
-0.509188
0.317634
-0.3214
0.247357
-0.189824
0.657439
-0.420641
0.601038
-0.16559
0.387438
-0.424927
0.569167
-0.28331
0.427616
-0.119127
0.381802
-0.131578
0.335917
-0.143635
0.507079
-0.306357
0.191081
-0.26988
0.651924
-0.511694
0.614009
-0.521076
0.564464
-0.100829
0.659729
-0.411852
0.618183
-0.511952
0.628718
-0.431737
0.654734
-0.490289
0.547801
-0.296747
0.533354
-0.297493
0.285234
-0.316488
0.316434
-0.313289
0.550784
-0.401622
0.491602
-0.100443
0.498738
-0.408517
0.179971
-0.246822
0.644922
-0.407919
0.628478
-0.50571
0.60426
-0.18504
0.630559
-0.499153
0.304667
-0.308086
0.201662
-0.242442
0.61433
-0.224093
0.567218
-0.408761
0.465652
-0.425972
0.598489
-0.493434
0.196508
-0.264104
0.235943
-0.297236
0.6088
-0.238684
0.592336
-0.1357
0.192589
-0.255688
0.216038
-0.279677
0.614366
-0.233673
0.646373
-0.419949
0.422636
-0.418301
0.54659
-0.0971011
0.280592
-0.17387
0.250831
-0.193844
0.567607
-0.43039
0.240908
-0.28671
0.228645
-0.203473
0.590157
-0.11288
0.59934
-0.177624
0.202661
-0.230094
0.568455
-0.115325
0.470612
-0.307365
0.286658
-0.178366
0.271852
-0.303763
0.613469
-0.419445
0.512878
-0.104641
0.448141
-0.122018
0.549988
-0.109218
0.319722
-0.155689
0.202742
-0.251949
0.609561
-0.214523
0.550623
-0.424278
0.602691
-0.206147
0.580771
-0.126562
0.2971
-0.296657
0.216888
-0.215591
0.520678
-0.416856
0.592583
-0.151314
0.593342
-0.17281
0.595777
-0.187145
0.404919
-0.130503
0.362909
-0.143812
0.533419
-0.29165
0.51771
-0.297887
0.255686
-0.196729
0.596091
-0.257421
0.545148
-0.288982
0.316593
-0.162286
0.593373
-0.163297
0.329049
-0.161829
0.584991
-0.157399
0.586995
-0.261412
0.527095
-0.114861
0.51566
-0.292045
0.480571
-0.299003
0.376403
-0.314321
0.321973
-0.30096
0.60073
-0.239481
0.335943
-0.306113
0.236585
-0.206053
0.583945
-0.139729
0.59173
-0.182654
0.586183
-0.168357
0.597291
-0.197512
0.442713
-0.301853
0.569218
-0.137847
0.546263
-0.119036
0.457374
-0.128794
0.408224
-0.136571
0.218425
-0.253835
0.588821
-0.201871
0.220318
-0.264636
0.233682
-0.21447
0.59058
-0.25467
0.597924
-0.224734
0.366083
-0.151916
0.539637
-0.284052
0.489531
-0.11956
0.579216
-0.26358
0.581076
-0.254799
0.342919
-0.166248
0.275945
-0.190669
0.240387
-0.217145
0.574546
-0.162465
0.585421
-0.196176
0.487769
-0.29247
0.353527
-0.296144
0.254973
-0.278149
0.217685
-0.234864
0.282125
-0.281145
0.227043
-0.224576
0.528453
-0.281299
0.561559
-0.151421
0.584748
-0.175857
0.511966
-0.287032
0.329697
-0.293306
0.585624
-0.22471
0.299511
-0.18675
0.251734
-0.20661
0.257879
-0.212786
0.316374
-0.293114
0.577449
-0.170522
0.493707
-0.132398
0.504473
-0.282665
0.307133
-0.176273
0.392271
-0.291036
0.227441
-0.231074
0.583271
-0.240793
0.380327
-0.155253
0.557506
-0.273942
0.235881
-0.260889
0.244053
-0.222175
0.305013
-0.287445
0.55366
-0.128871
0.563946
-0.161799
0.571154
-0.176735
0.533362
-0.131862
0.550616
-0.141887
0.574844
-0.241152
0.276504
-0.199932
0.224628
-0.247933
0.260658
-0.267664
0.29608
-0.280196
0.512379
-0.146729
0.427069
-0.145063
0.545841
-0.27199
0.565083
-0.253865
0.229879
-0.236023
0.577059
-0.216712
0.390851
-0.299869
0.299903
-0.277197
0.345466
-0.287505
0.314905
-0.279984
0.457912
-0.290582
0.287975
-0.199114
0.237511
-0.244859
0.243608
-0.256385
0.388125
-0.158636
0.572538
-0.209161
0.246555
-0.236806
0.26095
-0.25581
0.535606
-0.147768
0.349547
-0.170015
0.30768
-0.187675
0.28277
-0.272105
0.319582
-0.286786
0.570167
-0.237544
0.555837
-0.245554
0.546171
-0.261113
0.236224
-0.229215
0.251417
-0.248045
0.27721
-0.26278
0.304187
-0.270264
0.564805
-0.16898
0.578552
-0.190621
0.564589
-0.227736
0.558761
-0.175058
0.371021
-0.169119
0.542041
-0.253726
0.253519
-0.227347
0.335249
-0.280886
0.526349
-0.273291
0.554099
-0.15846
0.325656
-0.184759
0.363861
-0.279798
0.266248
-0.235241
0.307415
-0.262098
0.325897
-0.269399
0.490499
-0.277777
0.417813
-0.283831
0.264119
-0.244929
0.282189
-0.242396
0.553364
-0.169181
0.523728
-0.263449
0.43459
-0.287445
0.325248
-0.262028
0.549548
-0.174423
0.459056
-0.148281
0.415473
-0.158543
0.537515
-0.249735
0.388969
-0.282757
0.351489
-0.276542
0.548908
-0.183751
0.437349
-0.273813
0.276254
-0.225259
0.283127
-0.251833
0.560444
-0.188387
0.551844
-0.20174
0.558358
-0.219225
0.343297
-0.184405
0.54688
-0.236696
0.563513
-0.20476
0.456781
-0.279278
0.294401
-0.203688
0.271053
-0.218562
0.31233
-0.256493
0.287496
-0.232379
0.308496
-0.247398
0.519376
-0.156123
0.487806
-0.150975
0.545966
-0.212406
0.380511
-0.173069
0.437086
-0.265952
0.339036
-0.262843
0.540945
-0.160981
0.455987
-0.157585
0.412345
-0.168569
0.519008
-0.256142
0.343095
-0.270493
0.533918
-0.193668
0.489057
-0.269648
0.44474
-0.267
0.295009
-0.20958
0.365599
-0.270816
0.534005
-0.169771
0.396982
-0.182218
0.542808
-0.225459
0.341726
-0.19285
0.298965
-0.223654
0.353915
-0.263454
0.478505
-0.160771
0.474269
-0.260161
0.306916
-0.238142
0.50049
-0.156225
0.539212
-0.19957
0.520828
-0.226114
0.520287
-0.24712
0.443505
-0.257415
0.302479
-0.211088
0.48194
-0.247962
0.401402
-0.269581
0.522837
-0.237394
0.306196
-0.216782
0.531862
-0.210061
0.380992
-0.259301
0.516126
-0.183415
0.338705
-0.203827
0.331968
-0.232207
0.354624
-0.257534
0.448719
-0.165318
0.32201
-0.226074
0.328427
-0.240681
0.333539
-0.247676
0.509438
-0.16198
0.442594
-0.174833
0.420002
-0.256308
0.333771
-0.256245
0.536043
-0.181342
0.49153
-0.164774
0.506446
-0.174691
0.392532
-0.192167
0.493068
-0.231715
0.319203
-0.219958
0.454833
-0.244519
0.347609
-0.215359
0.527077
-0.199098
0.524871
-0.204036
0.517983
-0.215265
0.461226
-0.174886
0.364034
-0.204742
0.353474
-0.250784
0.47782
-0.182135
0.502709
-0.213056
0.381512
-0.248769
0.521064
-0.193596
0.435323
-0.190256
0.499146
-0.186585
0.50212
-0.194127
0.415628
-0.245989
0.353896
-0.223525
0.353061
-0.231922
0.402871
-0.237722
0.415693
-0.190524
0.470739
-0.228594
0.511309
-0.200876
0.482265
-0.195593
0.397028
-0.202178
0.375377
-0.241863
0.349832
-0.241691
0.485825
-0.202691
0.468945
-0.219967
0.414512
-0.237899
0.388511
-0.213961
0.486578
-0.208519
0.438528
-0.199896
0.378619
-0.223716
0.375394
-0.231383
0.458558
-0.215591
0.402357
-0.230778
0.424609
-0.211637
0.399479
-0.224064
0.459697
-0.206761
0.442482
-0.231124
0.401925
-0.218998
0.415907
-0.22514
0.426915
-0.228049
0.428974
-0.218534
0.771478
0.20688
0.77561
0.166515
0.775151
0.185061
0.776311
0.141346
0.771419
0.216914
0.778766
0.100575
0.776957
0.0214094
0.768614
0.229691
0.763154
0.248629
0.773865
-0.0529421
0.760967
0.263696
0.763059
0.275416
0.773682
-0.109626
0.770225
-0.233303
0.76613
0.289603
0.766399
-0.343592
0.764986
0.30858
0.761723
0.324173
0.762678
-0.403555
0.763466
0.338978
0.760376
-0.431277
0.758281
0.347668
0.75343
-0.635221
0.755776
-0.477946
0.753984
-0.645918
0.752331
-0.624875
0.752082
-0.50745
0.750138
-0.616926
0.749221
-0.599336
0.752317
-0.556393
0.750666
-0.527097
0.750809
-0.574352
0.749094
-0.587758
0.749596
-0.54566
-0.22561
0.351579
-0.15297
0.345299
-0.197543
0.347466
-0.239921
0.351913
-0.232651
0.350156
-0.111199
0.344841
-0.00459859
0.346151
-0.246016
0.354082
0.747987
0.360509
0.17643
0.349709
0.394683
0.356664
0.734127
0.362351
0.652793
0.360386
0.753984
0.354082
